0.000000 0.000000
0.001887 0.000000
0.003774 0.000000
0.005660 0.000000
0.007547 0.000000
0.009470 0.000000
0.011357 0.000000
0.013244 0.000000
0.015131 0.000000
0.017017 0.000000
0.018904 0.000000
0.020791 0.000000
0.022678 0.000000
0.024565 0.000000
0.026451 0.000000
0.028338 0.000000
0.030225 0.000000
0.032112 0.000000
0.033999 0.000000
0.035885 0.000000
0.037772 0.000000
0.039659 0.000000
0.041546 0.000000
0.043433 0.000000
0.045356 0.000000
0.047242 0.000000
0.049129 0.000000
0.051016 0.000000
0.052939 0.000000
0.054862 0.000000
0.056749 0.000000
0.058636 0.000000
0.060522 0.000000
0.062446 0.000000
0.064332 0.000000
0.066219 0.000000
0.068106 0.000000
0.070029 0.000000
0.071916 0.000000
0.073803 0.000000
0.075689 0.000000
0.077576 0.000000
0.079463 0.000000
0.081350 0.000000
0.083273 0.000000
0.085160 0.000000
0.087046 0.000000
0.088933 0.000000
0.090856 0.000000
0.092743 0.000000
0.094630 0.000000
0.096517 0.000000
0.098403 0.000000
0.100290 0.000000
0.102177 0.000000
0.104064 0.000000
0.105951 0.000000
0.107837 0.000000
0.109724 0.000000
0.111611 0.000000
0.113498 0.000000
0.115385 0.000000
0.117271 0.000000
0.119158 0.000000
0.121045 0.000000
0.122968 0.000000
0.124891 0.000000
0.126814 0.000000
0.128737 0.000000
0.130624 0.000000
0.132511 0.000000
0.134434 0.000000
0.136321 0.000000
0.138208 0.000000
0.140094 0.000000
0.141981 0.000000
0.143868 0.000000
0.145755 0.000000
0.147642 0.000000
0.149528 0.000000
0.151415 0.000000
0.153302 0.000000
0.155189 0.000000
0.157075 0.000000
0.158962 0.000000
0.160885 0.000000
0.162772 0.000000
0.164695 0.000000
0.166582 0.000000
0.168505 0.000000
0.170392 0.000000
0.172279 0.000000
0.174165 0.000000
0.176052 0.000000
0.177939 0.000000
0.179826 0.000000
0.181749 0.000000
0.183636 0.000000
0.185522 0.000000
0.187446 0.000000
0.189332 0.000000
0.191219 0.000000
0.193142 0.000000
0.195029 0.000000
0.196916 0.000000
0.198803 0.000000
0.200726 0.000000
0.202612 0.000000
0.204499 0.000000
0.206386 0.000000
0.208273 0.000000
0.210160 0.000000
0.212046 0.000000
0.213970 0.000000
0.215856 0.000000
0.217779 0.000000
0.219666 0.000000
0.221589 0.000000
0.223476 0.000000
0.225363 0.000000
0.227250 0.000000
0.229136 0.000000
0.231023 0.000000
0.232946 0.000000
0.234833 0.000000
0.236720 0.000000
0.238607 0.000000
0.240493 0.000000
0.242380 0.000000
0.244267 0.000000
0.246154 0.000000
0.248041 0.000000
0.249927 0.000000
0.251814 0.000000
0.253701 0.000000
0.255588 0.000000
0.257475 0.000000
0.259398 0.000000
0.261284 0.000000
0.263171 0.000000
0.265094 0.000000
0.267017 0.000000
0.268904 0.000000
0.270791 0.000000
0.272678 0.000000
0.274565 0.000000
0.276451 0.000000
0.278374 0.000000
0.280298 0.000000
0.282184 0.000000
0.284071 0.000000
0.285958 0.000000
0.287881 0.000000
0.289768 0.000000
0.291655 0.000000
0.293541 0.000000
0.295428 0.000000
0.297315 0.000000
0.299202 0.000000
0.301089 0.000000
0.302975 0.000000
0.304862 0.000000
0.306749 0.000000
0.308636 0.000000
0.310522 0.000000
0.312409 0.000000
0.314296 0.000000
0.316219 0.000000
0.318106 0.000000
0.319993 0.000000
0.321880 0.000000
0.323766 0.000000
0.325653 0.000000
0.327540 0.000000
0.329427 0.000000
0.331313 0.000000
0.333200 0.000000
0.335123 0.000000
0.337010 0.000000
0.338897 0.000000
0.340784 0.000000
0.342671 0.000000
0.344557 0.000000
0.346444 0.000000
0.348331 0.000000
0.350218 0.000000
0.352104 0.000000
0.353991 0.000000
0.355878 0.000000
0.357801 0.000000
0.359724 0.000000
0.361611 0.000000
0.363498 0.000000
0.365385 0.000000
0.367271 0.000000
0.369194 0.000000
0.371081 0.000000
0.372968 0.000000
0.374891 0.000000
0.376778 0.000000
0.378665 0.000000
0.380552 0.000000
0.382438 0.000000
0.384361 0.000000
0.386248 0.000000
0.388135 0.000000
0.390022 0.000000
0.391909 0.000000
0.393832 0.000000
0.395718 0.000000
0.397605 0.000000
0.399528 0.000000
0.401415 0.000000
0.403302 0.000000
0.405189 0.000000
0.407075 0.000000
0.408999 0.000000
0.410885 0.000000
0.412772 0.000000
0.414659 0.000000
0.416546 0.000000
0.418433 0.000000
0.420319 0.000000
0.422206 0.000000
0.424093 0.000000
0.425980 0.000000
0.427866 0.000000
0.429753 0.000000
0.431640 0.000000
0.433563 0.000000
0.435450 0.000000
0.437337 0.000000
0.439260 0.000000
0.441147 0.000000
0.443033 0.000000
0.444920 0.000000
0.446807 0.000000
0.448694 0.000000
0.450617 0.000000
0.452504 0.000000
0.454390 0.000000
0.456277 0.000000
0.458164 0.000000
0.460051 0.000000
0.461938 0.000000
0.463824 0.000000
0.465711 0.000000
0.467598 0.000000
0.469485 0.000000
0.471372 0.000000
0.473295 0.000000
0.475181 0.000000
0.477104 0.000000
0.478991 0.000000
0.480878 0.000000
0.482801 0.000000
0.484688 0.000000
0.486611 0.000000
0.488534 0.000000
0.490421 0.000000
0.492308 0.000000
0.494231 0.000000
0.496154 0.000000
0.498041 0.000000
0.499927 0.000000
0.501851 0.000000
0.503737 0.000000
0.505660 0.000000
0.507547 0.000000
0.509434 0.000000
0.511321 0.000000
0.513244 0.000000
0.515167 0.000000
0.517054 0.000000
0.518940 0.000000
0.520864 0.000000
0.522750 0.000000
0.524637 0.000000
0.526524 0.000000
0.528411 0.000000
0.530298 0.000000
0.532184 0.000000
0.534071 0.000000
0.535994 0.000000
0.537917 0.000000
0.539840 0.000000
0.541763 0.000000
0.543687 0.000000
0.545573 0.000000
0.547496 0.000000
0.549419 0.000000
0.551343 0.000000
0.553266 0.000000
0.555152 0.000000
0.557039 0.000000
0.558926 0.000000
0.560813 0.000000
0.562700 0.000000
0.564586 0.000000
0.566473 0.000000
0.568360 0.000000
0.570283 0.000000
0.572170 0.000000
0.574093 0.000000
0.575980 0.000000
0.577903 0.000000
0.579790 0.000000
0.581676 0.000000
0.583599 0.000000
0.585522 0.000000
0.587409 0.000000
0.589296 0.000000
0.591183 0.000000
0.593106 0.000000
0.594993 0.000000
0.596880 0.000000
0.598766 0.000000
0.600653 0.000000
0.602540 0.000000
0.604463 0.000000
0.606350 0.000000
0.608237 0.000000
0.610123 0.000000
0.612046 0.000000
0.613933 0.000000
0.615820 0.000000
0.617707 0.000000
0.619594 0.000000
0.621480 0.000000
0.623367 0.000000
0.625254 0.000000
0.627141 0.000000
0.629064 0.000000
0.630951 0.000000
0.632874 0.000000
0.634761 0.000000
0.636647 0.000000
0.638534 0.000000
0.640457 0.000000
0.642380 0.000000
0.644303 0.000000
0.646226 0.000000
0.648113 0.000000
0.650000 0.000000
0.651923 0.000000
0.653810 0.000000
0.655697 0.000000
0.657583 0.000000
0.659470 0.000000
0.661393 0.000000
0.663316 0.000000
0.665203 0.000000
0.667090 0.000000
0.669013 0.000000
0.669013 0.016667
0.670900 0.016667
0.672787 0.016667
0.674673 0.016667
0.676560 0.016667
0.678483 0.016667
0.680406 0.016667
0.682329 0.016667
0.684253 0.016667
0.686176 0.016667
0.688062 0.016667
0.689949 0.016667
0.691836 0.016667
0.693723 0.016667
0.695610 0.016667
0.697496 0.016667
0.699383 0.016667
0.701306 0.016667
0.703229 0.016667
0.705152 0.016667
0.707075 0.016667
0.708999 0.016667
0.710922 0.016667
0.712808 0.016667
0.714695 0.016667
0.716582 0.016667
0.718469 0.016667
0.720356 0.016667
0.722242 0.016667
0.724129 0.016667
0.726016 0.016667
0.727903 0.016667
0.729790 0.016667
0.731713 0.016667
0.733636 0.016667
0.735522 0.016667
0.737446 0.016667
0.739332 0.016667
0.741219 0.016667
0.743106 0.016667
0.744993 0.016667
0.746880 0.016667
0.748766 0.016667
0.750653 0.016667
0.752540 0.016667
0.754427 0.016667
0.756313 0.016667
0.758200 0.016667
0.760087 0.016667
0.761974 0.016667
0.763861 0.016667
0.765747 0.016667
0.767634 0.016667
0.769557 0.016667
0.771444 0.016667
0.773331 0.016667
0.775218 0.016667
0.777141 0.016667
0.779028 0.016667
0.780914 0.016667
0.782801 0.016667
0.784688 0.016667
0.786575 0.016667
0.788462 0.016667
0.788462 0.033333
0.790348 0.033333
0.792235 0.033333
0.794122 0.033333
0.796009 0.033333
0.797896 0.033333
0.799819 0.033333
0.801705 0.033333
0.803628 0.033333
0.805515 0.033333
0.807402 0.033333
0.807402 0.050000
0.809325 0.050000
0.811212 0.050000
0.813099 0.050000
0.814985 0.050000
0.816909 0.050000
0.818832 0.050000
0.820718 0.050000
0.820718 0.066667
0.822605 0.066667
0.824492 0.066667
0.824492 0.083333
0.826379 0.083333
0.828266 0.083333
0.830152 0.083333
0.832039 0.083333
0.833926 0.083333
0.835813 0.083333
0.837700 0.083333
0.839586 0.083333
0.841473 0.083333
0.843360 0.083333
0.845247 0.083333
0.847134 0.083333
0.849020 0.083333
0.850907 0.083333
0.852794 0.083333
0.854681 0.083333
0.856567 0.083333
0.858454 0.083333
0.860341 0.083333
0.862228 0.083333
0.864115 0.083333
0.866001 0.083333
0.867888 0.083333
0.869775 0.083333
0.871662 0.083333
0.873549 0.083333
0.875435 0.083333
0.877322 0.083333
0.879209 0.083333
0.881096 0.083333
0.883019 0.083333
0.884906 0.083333
0.886792 0.083333
0.888679 0.083333
0.890566 0.083333
0.892453 0.083333
0.894340 0.083333
0.896226 0.083333
0.898113 0.083333
0.900000 0.083333
0.901887 0.083333
0.903774 0.083333
0.905660 0.083333
0.907547 0.083333
0.907547 0.100000
0.909434 0.100000
0.911321 0.100000
0.913208 0.100000
0.915094 0.100000
0.916981 0.100000
0.918868 0.100000
0.920755 0.100000
0.922642 0.100000
0.922642 0.116667
0.922642 0.133333
0.922642 0.150000
0.922642 0.166667
0.922642 0.183333
0.924528 0.183333
0.924528 0.200000
0.926415 0.200000
0.926415 0.216667
0.928302 0.216667
0.928302 0.233333
0.928302 0.250000
0.928302 0.266667
0.928302 0.283333
0.930189 0.283333
0.930189 0.300000
0.932075 0.300000
0.932075 0.316667
0.932075 0.333333
0.933962 0.333333
0.935849 0.333333
0.935849 0.350000
0.935849 0.366667
0.937736 0.366667
0.937736 0.383333
0.937736 0.400000
0.937736 0.416667
0.939623 0.416667
0.941509 0.416667
0.941509 0.433333
0.941509 0.450000
0.941509 0.466667
0.941509 0.483333
0.941509 0.500000
0.943396 0.500000
0.943396 0.516667
0.943396 0.533333
0.943396 0.550000
0.943396 0.566667
0.943396 0.583333
0.943396 0.600000
0.943396 0.616667
0.943396 0.633333
0.943396 0.650000
0.943396 0.666667
0.943396 0.683333
0.943396 0.700000
0.945283 0.700000
0.947170 0.700000
0.949057 0.700000
0.950943 0.700000
0.952830 0.700000
0.954717 0.700000
0.956604 0.700000
0.956604 0.714286
0.958491 0.714286
0.960377 0.714286
0.962264 0.714286
0.964151 0.714286
0.966038 0.714286
0.966038 0.730952
0.966038 0.747619
0.966038 0.764286
0.966038 0.780952
0.966038 0.797619
0.966038 0.814286
0.967925 0.814286
0.969811 0.814286
0.969811 0.828571
0.969811 0.842857
0.969811 0.857143
0.969811 0.871429
0.969811 0.885714
0.969811 0.900000
0.971698 0.900000
0.973585 0.900000
0.975472 0.900000
0.977358 0.900000
0.979245 0.900000
0.981132 0.900000
0.983019 0.900000
0.984906 0.900000
0.986792 0.900000
0.988679 0.900000
0.990566 0.900000
0.992453 0.900000
0.994340 0.900000
0.994340 0.914286
0.996226 0.914286
0.996226 0.928571
0.996226 0.942857
0.998113 0.942857
0.998113 0.957143
0.998113 0.971429
1.000000 0.971429
1.000000 0.985714
1.000000 1.000000