0.000000 0.000000
0.001923 0.000000
0.003846 0.000000
0.005769 0.000000
0.007692 0.000000
0.009615 0.000000
0.011502 0.000000
0.013389 0.000000
0.015276 0.000000
0.017163 0.000000
0.019049 0.000000
0.020936 0.000000
0.022823 0.000000
0.024710 0.000000
0.026597 0.000000
0.028483 0.000000
0.030370 0.000000
0.032293 0.000000
0.034216 0.000000
0.036103 0.000000
0.037990 0.000000
0.039877 0.000000
0.041763 0.000000
0.043687 0.000000
0.045573 0.000000
0.047460 0.000000
0.049347 0.000000
0.051234 0.000000
0.053120 0.000000
0.055044 0.000000
0.056967 0.000000
0.058853 0.000000
0.060740 0.000000
0.062627 0.000000
0.064514 0.000000
0.066401 0.000000
0.068287 0.000000
0.070210 0.000000
0.072097 0.000000
0.074020 0.000000
0.075907 0.000000
0.077794 0.000000
0.079681 0.000000
0.081567 0.000000
0.083454 0.000000
0.085341 0.000000
0.087228 0.000000
0.089115 0.000000
0.091001 0.000000
0.092888 0.000000
0.094775 0.000000
0.096698 0.000000
0.098621 0.000000
0.100544 0.000000
0.102431 0.000000
0.104318 0.000000
0.106205 0.000000
0.108128 0.000000
0.110015 0.000000
0.111901 0.000000
0.113788 0.000000
0.115675 0.000000
0.117562 0.000000
0.119448 0.000000
0.121335 0.000000
0.123222 0.000000
0.125109 0.000000
0.126996 0.000000
0.128882 0.000000
0.130806 0.000000
0.132692 0.000000
0.134615 0.000000
0.136502 0.000000
0.138389 0.000000
0.140276 0.000000
0.142163 0.000000
0.144049 0.000000
0.145936 0.000000
0.147823 0.000000
0.149710 0.000000
0.151597 0.000000
0.153483 0.000000
0.155370 0.000000
0.157293 0.000000
0.159216 0.000000
0.161103 0.000000
0.162990 0.000000
0.164877 0.000000
0.166763 0.000000
0.168650 0.000000
0.170537 0.000000
0.172424 0.000000
0.174311 0.000000
0.176197 0.000000
0.178084 0.000000
0.179971 0.000000
0.181858 0.000000
0.183745 0.000000
0.185631 0.000000
0.187518 0.000000
0.189405 0.000000
0.191292 0.000000
0.193179 0.000000
0.195102 0.000000
0.197025 0.000000
0.198911 0.000000
0.200798 0.000000
0.202721 0.000000
0.204608 0.000000
0.206495 0.000000
0.208418 0.000000
0.210305 0.000000
0.212192 0.000000
0.214115 0.000000
0.216038 0.000000
0.217925 0.000000
0.219811 0.000000
0.221734 0.000000
0.223621 0.000000
0.225508 0.000000
0.227395 0.000000
0.229318 0.000000
0.231205 0.000000
0.233091 0.000000
0.234978 0.000000
0.236865 0.000000
0.238752 0.000000
0.240639 0.000000
0.242525 0.000000
0.244412 0.000000
0.246299 0.000000
0.248186 0.000000
0.250073 0.000000
0.251996 0.000000
0.253882 0.000000
0.255806 0.000000
0.257692 0.000000
0.259579 0.000000
0.261502 0.000000
0.263389 0.000000
0.265276 0.000000
0.267199 0.000000
0.269122 0.000000
0.271009 0.000000
0.272896 0.000000
0.274782 0.000000
0.276669 0.000000
0.278556 0.000000
0.280443 0.000000
0.282329 0.000000
0.284216 0.000000
0.286103 0.000000
0.287990 0.000000
0.289913 0.000000
0.291800 0.000000
0.293687 0.000000
0.295610 0.000000
0.297496 0.000000
0.299383 0.000000
0.301270 0.000000
0.303193 0.000000
0.305080 0.000000
0.306967 0.000000
0.308853 0.000000
0.310740 0.000000
0.312627 0.000000
0.314514 0.000000
0.316401 0.000000
0.318287 0.000000
0.320174 0.000000
0.322061 0.000000
0.323948 0.000000
0.325835 0.000000
0.327758 0.000000
0.329644 0.000000
0.331531 0.000000
0.333418 0.000000
0.335341 0.000000
0.337228 0.000000
0.339115 0.000000
0.341001 0.000000
0.342888 0.000000
0.344775 0.000000
0.346698 0.000000
0.348585 0.000000
0.350472 0.000000
0.352395 0.000000
0.354282 0.000000
0.356168 0.000000
0.358055 0.000000
0.359942 0.000000
0.361829 0.000000
0.363716 0.000000
0.365639 0.000000
0.367562 0.000000
0.369448 0.000000
0.371335 0.000000
0.373222 0.000000
0.375109 0.000000
0.377032 0.000000
0.378919 0.000000
0.380842 0.000000
0.382765 0.000000
0.384652 0.000000
0.386538 0.000000
0.388425 0.000000
0.390312 0.000000
0.392235 0.000000
0.394122 0.000000
0.396009 0.000000
0.397896 0.000000
0.399782 0.000000
0.401669 0.000000
0.403556 0.000000
0.405443 0.000000
0.407329 0.000000
0.409216 0.000000
0.411103 0.000000
0.412990 0.000000
0.414877 0.000000
0.416763 0.000000
0.418650 0.000000
0.420537 0.000000
0.422424 0.000000
0.424311 0.000000
0.426197 0.000000
0.428120 0.000000
0.430007 0.000000
0.431894 0.000000
0.433781 0.000000
0.435704 0.000000
0.437591 0.000000
0.439478 0.000000
0.441364 0.000000
0.443251 0.000000
0.445138 0.000000
0.447025 0.000000
0.448911 0.000000
0.450798 0.000000
0.452685 0.000000
0.454572 0.000000
0.456459 0.000000
0.458345 0.000000
0.460232 0.000000
0.462119 0.000000
0.464006 0.000000
0.465893 0.000000
0.467779 0.000000
0.469702 0.000000
0.471626 0.000000
0.473549 0.000000
0.475435 0.000000
0.477358 0.000000
0.479245 0.000000
0.481168 0.000000
0.483055 0.000000
0.484942 0.000000
0.486865 0.000000
0.488752 0.000000
0.490639 0.000000
0.492525 0.000000
0.494412 0.000000
0.496299 0.000000
0.498222 0.000000
0.500109 0.000000
0.501996 0.000000
0.503882 0.000000
0.505769 0.000000
0.507692 0.000000
0.509579 0.000000
0.511466 0.000000
0.513353 0.000000
0.515239 0.000000
0.517126 0.000000
0.519013 0.000000
0.520900 0.000000
0.522823 0.000000
0.524710 0.000000
0.526597 0.000000
0.528483 0.000000
0.530370 0.000000
0.532293 0.000000
0.534180 0.000000
0.536067 0.000000
0.537954 0.000000
0.539840 0.000000
0.541727 0.000000
0.543650 0.000000
0.545573 0.000000
0.547496 0.000000
0.549383 0.000000
0.551306 0.000000
0.553193 0.000000
0.555116 0.000000
0.557003 0.000000
0.558926 0.000000
0.560813 0.000000
0.562700 0.000000
0.564586 0.000000
0.566473 0.000000
0.568360 0.000000
0.570247 0.000000
0.572134 0.000000
0.574020 0.000000
0.575907 0.000000
0.577794 0.000000
0.579681 0.000000
0.581567 0.000000
0.583491 0.000000
0.585414 0.000000
0.587300 0.000000
0.589187 0.000000
0.591074 0.000000
0.592997 0.000000
0.594920 0.000000
0.596807 0.000000
0.598694 0.000000
0.600581 0.000000
0.602467 0.000000
0.604354 0.000000
0.606241 0.000000
0.608128 0.000000
0.610051 0.000000
0.611938 0.000000
0.613824 0.000000
0.615711 0.000000
0.617598 0.000000
0.619485 0.000000
0.621372 0.000000
0.623258 0.000000
0.625145 0.000000
0.627032 0.000000
0.628919 0.000000
0.630806 0.000000
0.632692 0.000000
0.634579 0.000000
0.636502 0.000000
0.638389 0.000000
0.640276 0.000000
0.642163 0.000000
0.644049 0.000000
0.645936 0.000000
0.647859 0.000000
0.649746 0.000000
0.651669 0.000000
0.653556 0.000000
0.655443 0.000000
0.657329 0.000000
0.659216 0.000000
0.661103 0.000000
0.662990 0.000000
0.664877 0.000000
0.666763 0.000000
0.668650 0.000000
0.670537 0.000000
0.672424 0.000000
0.674311 0.000000
0.676197 0.000000
0.678084 0.000000
0.679971 0.000000
0.681894 0.000000
0.683781 0.000000
0.685668 0.000000
0.687591 0.000000
0.689478 0.000000
0.691401 0.000000
0.693287 0.000000
0.695174 0.000000
0.697061 0.000000
0.698948 0.000000
0.700871 0.000000
0.702758 0.000000
0.704644 0.000000
0.706531 0.000000
0.708418 0.000000
0.710305 0.000000
0.712192 0.000000
0.714078 0.000000
0.716001 0.000000
0.717888 0.000000
0.719811 0.000000
0.721698 0.000000
0.723585 0.000000
0.725472 0.000000
0.727358 0.000000
0.729282 0.000000
0.731205 0.000000
0.733091 0.000000
0.734978 0.000000
0.736865 0.000000
0.738752 0.000000
0.740639 0.000000
0.742525 0.000000
0.744412 0.000000
0.746299 0.000000
0.748186 0.000000
0.750073 0.000000
0.751959 0.000000
0.753846 0.000000
0.755733 0.000000
0.757620 0.000000
0.759543 0.000000
0.761430 0.000000
0.763316 0.000000
0.765203 0.000000
0.767090 0.000000
0.768977 0.000000
0.770864 0.000000
0.772787 0.000000
0.774673 0.000000
0.776560 0.000000
0.778447 0.000000
0.780370 0.000000
0.782293 0.000000
0.784180 0.000000
0.786067 0.000000
0.786067 0.016667
0.787954 0.016667
0.789840 0.016667
0.789840 0.033333
0.791727 0.033333
0.793614 0.033333
0.795501 0.033333
0.797388 0.033333
0.799274 0.033333
0.801197 0.033333
0.803084 0.033333
0.804971 0.033333
0.806894 0.033333
0.808817 0.033333
0.810704 0.033333
0.812591 0.033333
0.814478 0.033333
0.816401 0.033333
0.818287 0.033333
0.820174 0.033333
0.822061 0.033333
0.823948 0.033333
0.825835 0.033333
0.827721 0.033333
0.829608 0.033333
0.831495 0.033333
0.833382 0.033333
0.835269 0.033333
0.837155 0.033333
0.839042 0.033333
0.840965 0.033333
0.842888 0.033333
0.844775 0.033333
0.846662 0.033333
0.848585 0.033333
0.850472 0.033333
0.852358 0.033333
0.854282 0.033333
0.856168 0.033333
0.858055 0.033333
0.859942 0.033333
0.861829 0.033333
0.863752 0.033333
0.865639 0.033333
0.867525 0.033333
0.869412 0.033333
0.871299 0.033333
0.873186 0.033333
0.875073 0.033333
0.876959 0.033333
0.878882 0.033333
0.880806 0.033333
0.882692 0.033333
0.884579 0.033333
0.886466 0.033333
0.888353 0.033333
0.890239 0.033333
0.892163 0.033333
0.894049 0.033333
0.895936 0.033333
0.897823 0.033333
0.899746 0.033333
0.901633 0.033333
0.901633 0.050000
0.903520 0.050000
0.905406 0.050000
0.907293 0.050000
0.909180 0.050000
0.911067 0.050000
0.912954 0.050000
0.912954 0.066667
0.914840 0.066667
0.916727 0.066667
0.918614 0.066667
0.920501 0.066667
0.922388 0.066667
0.924274 0.066667
0.926161 0.066667
0.928048 0.066667
0.929971 0.066667
0.931858 0.066667
0.931858 0.083333
0.933781 0.083333
0.935704 0.083333
0.937591 0.083333
0.939478 0.083333
0.941364 0.083333
0.943251 0.083333
0.945138 0.083333
0.947025 0.083333
0.948948 0.083333
0.950835 0.083333
0.952721 0.083333
0.954608 0.083333
0.956531 0.083333
0.956531 0.100000
0.958418 0.100000
0.960305 0.100000
0.962192 0.100000
0.964078 0.100000
0.965965 0.100000
0.965965 0.116667
0.967852 0.116667
0.969739 0.116667
0.969739 0.130952
0.971626 0.130952
0.973549 0.130952
0.975435 0.130952
0.977358 0.130952
0.979245 0.130952
0.979245 0.147619
0.981132 0.147619
0.983019 0.147619
0.983019 0.164286
0.983019 0.180952
0.983019 0.195238
0.983019 0.211905
0.983019 0.228571
0.984906 0.228571
0.984906 0.245238
0.984906 0.261905
0.984906 0.278571
0.984906 0.295238
0.986792 0.295238
0.986792 0.311905
0.988679 0.311905
0.988679 0.328571
0.988679 0.345238
0.988679 0.361905
0.988679 0.378571
0.990566 0.378571
0.990566 0.392857
0.990566 0.409524
0.990566 0.426190
0.990566 0.442857
0.992453 0.442857
0.994340 0.442857
0.994340 0.459524
0.994340 0.476190
0.994340 0.492857
0.994340 0.509524
0.994340 0.526190
0.996226 0.526190
0.996226 0.542857
0.996226 0.559524
0.996226 0.576190
0.996226 0.590476
0.996226 0.604762
0.996226 0.621429
0.998113 0.621429
0.998113 0.638095
0.998113 0.654762
0.998113 0.669048
0.998113 0.685714
0.998113 0.702381
0.998113 0.719048
0.998113 0.735714
0.998113 0.752381
0.998113 0.769048
1.000000 0.769048
1.000000 0.785714
1.000000 0.800000
1.000000 0.814286
1.000000 0.828571
1.000000 0.845238
1.000000 0.859524
1.000000 0.873810
1.000000 0.890476
1.000000 0.907143
1.000000 0.921429
1.000000 0.938095
1.000000 0.952381
1.000000 0.969048
1.000000 0.983333
1.000000 1.000000