0.000000 0.000000
0.001887 0.000000
0.003774 0.000000
0.005660 0.000000
0.007547 0.000000
0.009434 0.000000
0.011321 0.000000
0.013208 0.000000
0.015094 0.000000
0.017017 0.000000
0.018941 0.000000
0.020827 0.000000
0.022714 0.000000
0.024601 0.000000
0.026488 0.000000
0.028375 0.000000
0.030261 0.000000
0.032148 0.000000
0.034035 0.000000
0.035958 0.000000
0.037881 0.000000
0.039768 0.000000
0.041655 0.000000
0.043542 0.000000
0.045428 0.000000
0.047315 0.000000
0.049202 0.000000
0.051089 0.000000
0.052976 0.000000
0.052976 0.016667
0.054899 0.016667
0.056785 0.016667
0.058672 0.016667
0.060559 0.016667
0.062446 0.016667
0.064333 0.016667
0.066219 0.016667
0.068106 0.016667
0.069993 0.016667
0.071916 0.016667
0.073839 0.016667
0.075726 0.016667
0.077613 0.016667
0.079499 0.016667
0.081386 0.016667
0.083273 0.016667
0.085160 0.016667
0.087047 0.016667
0.088933 0.016667
0.090857 0.016667
0.092780 0.016667
0.094666 0.016667
0.096553 0.016667
0.098440 0.016667
0.100327 0.016667
0.102214 0.016667
0.104101 0.016667
0.105987 0.016667
0.107874 0.016667
0.109797 0.016667
0.111720 0.016667
0.113607 0.016667
0.115494 0.016667
0.117380 0.016667
0.119267 0.016667
0.121154 0.016667
0.123041 0.016667
0.124927 0.016667
0.126814 0.016667
0.126814 0.033333
0.128737 0.033333
0.130624 0.033333
0.132511 0.033333
0.134397 0.033333
0.136284 0.033333
0.138171 0.033333
0.140058 0.033333
0.141944 0.033333
0.143831 0.033333
0.145754 0.033333
0.147677 0.033333
0.149564 0.033333
0.151451 0.033333
0.153338 0.033333
0.155225 0.033333
0.157111 0.033333
0.158998 0.033333
0.160885 0.033333
0.162772 0.033333
0.164695 0.033333
0.166618 0.033333
0.168505 0.033333
0.170392 0.033333
0.172278 0.033333
0.174165 0.033333
0.176052 0.033333
0.177939 0.033333
0.179826 0.033333
0.181712 0.033333
0.183635 0.033333
0.185559 0.033333
0.187445 0.033333
0.189332 0.033333
0.191219 0.033333
0.193106 0.033333
0.194993 0.033333
0.196879 0.033333
0.198766 0.033333
0.200653 0.033333
0.202576 0.033333
0.204499 0.033333
0.206386 0.033333
0.208273 0.033333
0.210159 0.033333
0.212046 0.033333
0.213933 0.033333
0.215820 0.033333
0.217707 0.033333
0.219593 0.033333
0.221517 0.033333
0.223440 0.033333
0.225326 0.033333
0.227213 0.033333
0.229100 0.033333
0.230987 0.033333
0.232874 0.033333
0.234760 0.033333
0.236647 0.033333
0.238534 0.033333
0.240457 0.033333
0.242380 0.033333
0.244267 0.033333
0.246154 0.033333
0.248041 0.033333
0.249927 0.033333
0.251814 0.033333
0.253701 0.033333
0.255588 0.033333
0.257475 0.033333
0.259398 0.033333
0.261321 0.033333
0.263208 0.033333
0.265094 0.033333
0.266981 0.033333
0.268868 0.033333
0.270755 0.033333
0.272642 0.033333
0.274528 0.033333
0.276415 0.033333
0.278338 0.033333
0.280261 0.033333
0.282148 0.033333
0.284035 0.033333
0.285922 0.033333
0.287809 0.033333
0.289695 0.033333
0.291582 0.033333
0.293469 0.033333
0.295356 0.033333
0.297279 0.033333
0.299202 0.033333
0.301089 0.033333
0.302975 0.033333
0.304862 0.033333
0.306749 0.033333
0.308636 0.033333
0.310523 0.033333
0.310523 0.050000
0.312409 0.050000
0.314333 0.050000
0.316256 0.050000
0.318142 0.050000
0.320029 0.050000
0.321916 0.050000
0.323803 0.050000
0.325690 0.050000
0.327576 0.050000
0.329463 0.050000
0.331350 0.050000
0.333273 0.050000
0.335196 0.050000
0.337083 0.050000
0.338970 0.050000
0.340857 0.050000
0.342743 0.050000
0.344630 0.050000
0.346517 0.050000
0.348404 0.050000
0.350291 0.050000
0.352214 0.050000
0.354137 0.050000
0.356023 0.050000
0.357910 0.050000
0.359797 0.050000
0.361684 0.050000
0.363570 0.050000
0.365457 0.050000
0.367344 0.050000
0.369230 0.050000
0.371154 0.050000
0.373077 0.050000
0.374963 0.050000
0.376850 0.050000
0.378737 0.050000
0.380624 0.050000
0.382511 0.050000
0.384397 0.050000
0.386284 0.050000
0.388171 0.050000
0.390094 0.050000
0.392017 0.050000
0.393904 0.050000
0.395791 0.050000
0.397677 0.050000
0.399564 0.050000
0.401451 0.050000
0.403338 0.050000
0.405225 0.050000
0.407111 0.050000
0.409034 0.050000
0.410958 0.050000
0.412844 0.050000
0.414731 0.050000
0.416618 0.050000
0.418505 0.050000
0.420392 0.050000
0.422278 0.050000
0.424165 0.050000
0.426052 0.050000
0.427975 0.050000
0.429898 0.050000
0.431785 0.050000
0.431785 0.064286
0.433672 0.064286
0.435559 0.064286
0.437445 0.064286
0.439332 0.064286
0.441219 0.064286
0.443106 0.064286
0.445029 0.064286
0.446952 0.064286
0.448839 0.064286
0.450725 0.064286
0.452612 0.064286
0.454499 0.064286
0.456386 0.064286
0.458273 0.064286
0.460159 0.064286
0.462046 0.064286
0.463969 0.064286
0.465892 0.064286
0.467779 0.064286
0.469666 0.064286
0.471553 0.064286
0.473440 0.064286
0.475326 0.064286
0.477213 0.064286
0.479100 0.064286
0.480987 0.064286
0.482910 0.064286
0.484833 0.064286
0.486720 0.064286
0.488607 0.064286
0.490493 0.064286
0.492380 0.064286
0.494267 0.064286
0.496154 0.064286
0.498041 0.064286
0.499927 0.064286
0.501851 0.064286
0.503774 0.064286
0.505660 0.064286
0.507547 0.064286
0.509434 0.064286
0.511321 0.064286
0.513208 0.064286
0.515094 0.064286
0.516981 0.064286
0.518868 0.064286
0.520791 0.064286
0.522714 0.064286
0.524601 0.064286
0.526488 0.064286
0.528375 0.064286
0.530261 0.064286
0.532148 0.064286
0.534035 0.064286
0.535922 0.064286
0.537809 0.064286
0.539732 0.064286
0.541655 0.064286
0.543542 0.064286
0.545428 0.064286
0.547315 0.064286
0.549202 0.064286
0.551089 0.064286
0.552976 0.064286
0.554862 0.064286
0.556749 0.064286
0.558672 0.064286
0.560595 0.064286
0.562482 0.064286
0.564369 0.064286
0.566256 0.064286
0.568143 0.064286
0.570029 0.064286
0.571916 0.064286
0.573803 0.064286
0.575690 0.064286
0.577613 0.064286
0.579536 0.064286
0.581423 0.064286
0.583309 0.064286
0.585196 0.064286
0.587083 0.064286
0.588970 0.064286
0.590857 0.064286
0.592743 0.064286
0.594630 0.064286
0.596553 0.064286
0.598476 0.064286
0.600363 0.064286
0.602250 0.064286
0.604137 0.064286
0.606024 0.064286
0.607910 0.064286
0.609797 0.064286
0.611684 0.064286
0.613571 0.064286
0.615494 0.064286
0.617417 0.064286
0.619304 0.064286
0.621190 0.064286
0.623077 0.064286
0.624964 0.064286
0.626851 0.064286
0.628737 0.064286
0.630624 0.064286
0.632511 0.064286
0.634434 0.064286
0.636357 0.064286
0.638244 0.064286
0.640130 0.064286
0.642017 0.064286
0.643904 0.064286
0.645791 0.064286
0.647678 0.064286
0.649564 0.064286
0.651451 0.064286
0.653374 0.064286
0.655297 0.064286
0.657184 0.064286
0.659071 0.064286
0.660958 0.064286
0.662844 0.064286
0.664731 0.064286
0.666618 0.064286
0.668505 0.064286
0.670392 0.064286
0.672315 0.064286
0.674238 0.064286
0.676125 0.064286
0.678011 0.064286
0.679898 0.064286
0.681785 0.064286
0.683672 0.064286
0.685559 0.064286
0.687445 0.064286
0.689332 0.064286
0.691255 0.064286
0.693178 0.064286
0.695065 0.064286
0.696952 0.064286
0.698839 0.064286
0.700726 0.064286
0.702612 0.064286
0.704499 0.064286
0.704499 0.080952
0.706386 0.080952
0.708309 0.080952
0.710232 0.080952
0.712119 0.080952
0.714006 0.080952
0.715893 0.080952
0.717779 0.080952
0.719666 0.080952
0.721553 0.080952
0.723440 0.080952
0.725327 0.080952
0.727250 0.080952
0.729173 0.080952
0.731059 0.080952
0.732946 0.080952
0.734833 0.080952
0.736720 0.080952
0.738607 0.080952
0.740493 0.080952
0.742380 0.080952
0.744267 0.080952
0.746190 0.080952
0.748113 0.080952
0.750000 0.080952
0.751887 0.080952
0.753774 0.080952
0.755660 0.080952
0.757547 0.080952
0.759434 0.080952
0.761321 0.080952
0.763208 0.080952
0.765131 0.080952
0.767054 0.080952
0.768941 0.080952
0.770827 0.080952
0.772714 0.080952
0.774601 0.080952
0.776488 0.080952
0.778375 0.080952
0.780261 0.080952
0.782148 0.080952
0.784071 0.080952
0.785994 0.080952
0.787881 0.080952
0.789768 0.080952
0.791655 0.080952
0.793542 0.080952
0.795428 0.080952
0.795428 0.097619
0.797315 0.097619
0.799202 0.097619
0.801125 0.097619
0.803048 0.097619
0.804935 0.097619
0.806822 0.097619
0.808709 0.097619
0.810595 0.097619
0.812482 0.097619
0.814369 0.097619
0.816256 0.097619
0.818143 0.097619
0.820066 0.097619
0.821989 0.097619
0.823875 0.097619
0.825762 0.097619
0.827649 0.097619
0.829536 0.097619
0.831423 0.097619
0.833309 0.097619
0.835196 0.097619
0.837083 0.097619
0.839006 0.097619
0.840929 0.097619
0.842816 0.097619
0.844703 0.097619
0.846590 0.097619
0.848476 0.097619
0.850363 0.097619
0.852250 0.097619
0.854137 0.097619
0.856024 0.097619
0.856024 0.114286
0.857947 0.114286
0.859833 0.114286
0.861720 0.114286
0.863607 0.114286
0.865494 0.114286
0.867380 0.114286
0.869267 0.114286
0.871154 0.114286
0.873041 0.114286
0.874964 0.114286
0.876887 0.114286
0.878774 0.114286
0.880660 0.114286
0.882547 0.114286
0.884434 0.114286
0.886321 0.114286
0.886321 0.130952
0.888207 0.130952
0.890094 0.130952
0.892017 0.130952
0.893940 0.130952
0.895827 0.130952
0.897714 0.130952
0.899601 0.130952
0.901488 0.130952
0.903374 0.130952
0.905261 0.130952
0.907148 0.130952
0.909035 0.130952
0.910958 0.130952
0.912881 0.130952
0.914768 0.130952
0.916654 0.130952
0.918541 0.130952
0.920428 0.130952
0.920428 0.147619
0.922315 0.147619
0.924202 0.147619
0.926088 0.147619
0.928011 0.147619
0.929934 0.147619
0.931821 0.147619
0.933708 0.147619
0.933708 0.164286
0.935595 0.164286
0.937482 0.164286
0.937482 0.180952
0.939368 0.180952
0.941255 0.180952
0.943178 0.180952
0.945101 0.180952
0.946988 0.180952
0.948875 0.180952
0.948875 0.197619
0.950762 0.197619
0.952649 0.197619
0.954535 0.197619
0.956422 0.197619
0.956422 0.214286
0.958345 0.214286
0.960268 0.214286
0.962155 0.214286
0.962155 0.228571
0.962155 0.245238
0.964042 0.245238
0.964042 0.261905
0.965929 0.261905
0.967816 0.261905
0.967816 0.278571
0.969739 0.278571
0.969739 0.295238
0.969739 0.309524
0.969739 0.323809
0.969739 0.340476
0.969739 0.357143
0.971625 0.357143
0.971625 0.373809
0.971625 0.390476
0.973512 0.390476
0.975435 0.390476
0.975435 0.407143
0.975435 0.421428
0.975435 0.435714
0.977322 0.435714
0.977322 0.452381
0.977322 0.469048
0.979209 0.469048
0.981096 0.469048
0.981096 0.485714
0.983019 0.485714
0.983019 0.502381
0.983019 0.516667
0.983019 0.530952
0.983019 0.547619
0.983019 0.564286
0.983019 0.580952
0.983019 0.597619
0.984906 0.597619
0.984906 0.614286
0.984906 0.630952
0.984906 0.647619
0.984906 0.661905
0.984906 0.676191
0.986792 0.676191
0.986792 0.692857
0.988679 0.692857
0.990566 0.692857
0.990566 0.709524
0.990566 0.726191
0.990566 0.742857
0.990566 0.759524
0.990566 0.773810
0.992453 0.773810
0.994340 0.773810
0.994340 0.790476
0.994340 0.807143
0.994340 0.823809
0.994340 0.840476
0.994340 0.857143
0.994340 0.873809
0.994340 0.890476
0.994340 0.904762
0.994340 0.919048
0.994340 0.935714
0.994340 0.952381
0.994340 0.969048
0.996226 0.969048
0.996226 0.985714
0.998113 0.985714
0.998113 1.000000
1.000000 1.000000
