0.000000 0.000000
0.001887 0.000000
0.003774 0.000000
0.005660 0.000000
0.007547 0.000000
0.009434 0.000000
0.011321 0.000000
0.013208 0.000000
0.015094 0.000000
0.017017 0.000000
0.018904 0.000000
0.020791 0.000000
0.022678 0.000000
0.024565 0.000000
0.026488 0.000000
0.028374 0.000000
0.030261 0.000000
0.032148 0.000000
0.034035 0.000000
0.035922 0.000000
0.037808 0.000000
0.039731 0.000000
0.041618 0.000000
0.043505 0.000000
0.045428 0.000000
0.047315 0.000000
0.049202 0.000000
0.051125 0.000000
0.053012 0.000000
0.054898 0.000000
0.056785 0.000000
0.058672 0.000000
0.060559 0.000000
0.062482 0.000000
0.064405 0.000000
0.066292 0.000000
0.068215 0.000000
0.070102 0.000000
0.071988 0.000000
0.073875 0.000000
0.075762 0.000000
0.077649 0.000000
0.079536 0.000000
0.081422 0.000000
0.083309 0.000000
0.085196 0.000000
0.087119 0.000000
0.089042 0.000000
0.090929 0.000000
0.092852 0.000000
0.094739 0.000000
0.096626 0.000000
0.098512 0.000000
0.100435 0.000000
0.102322 0.000000
0.104245 0.000000
0.106132 0.000000
0.108019 0.000000
0.109906 0.000000
0.111792 0.000000
0.113679 0.000000
0.115566 0.000000
0.117453 0.000000
0.119376 0.000000
0.121263 0.000000
0.123149 0.000000
0.125036 0.000000
0.126923 0.000000
0.128810 0.000000
0.130697 0.000000
0.132583 0.000000
0.134470 0.000000
0.136393 0.000000
0.138280 0.000000
0.140167 0.000000
0.142054 0.000000
0.143940 0.000000
0.145864 0.000000
0.147750 0.000000
0.149673 0.000000
0.151597 0.000000
0.153483 0.000000
0.155370 0.000000
0.157257 0.000000
0.159144 0.000000
0.161030 0.000000
0.162954 0.000000
0.164877 0.000000
0.166763 0.000000
0.168650 0.000000
0.170537 0.000000
0.172424 0.000000
0.174311 0.000000
0.176234 0.000000
0.178120 0.000000
0.180007 0.000000
0.181894 0.000000
0.183781 0.000000
0.185668 0.000000
0.187554 0.000000
0.189441 0.000000
0.191328 0.000000
0.193215 0.000000
0.195102 0.000000
0.196988 0.000000
0.198911 0.000000
0.200798 0.000000
0.202685 0.000000
0.204572 0.000000
0.206459 0.000000
0.208345 0.000000
0.210232 0.000000
0.212119 0.000000
0.214006 0.000000
0.215893 0.000000
0.217816 0.000000
0.219702 0.000000
0.221589 0.000000
0.223476 0.000000
0.223476 0.016667
0.225399 0.016667
0.227322 0.016667
0.229209 0.016667
0.231096 0.016667
0.232983 0.016667
0.234906 0.016667
0.236829 0.016667
0.238716 0.016667
0.240602 0.016667
0.242489 0.016667
0.244376 0.016667
0.246263 0.016667
0.248149 0.016667
0.250036 0.016667
0.251923 0.016667
0.253846 0.016667
0.255733 0.016667
0.257620 0.016667
0.259507 0.016667
0.261393 0.016667
0.263280 0.016667
0.265167 0.016667
0.267054 0.016667
0.268940 0.016667
0.270864 0.016667
0.272750 0.016667
0.274637 0.016667
0.276524 0.016667
0.278411 0.016667
0.280298 0.016667
0.282184 0.016667
0.284071 0.016667
0.285958 0.016667
0.287845 0.016667
0.289731 0.016667
0.291618 0.016667
0.293505 0.016667
0.295392 0.016667
0.297279 0.016667
0.299165 0.016667
0.301052 0.016667
0.302975 0.016667
0.304862 0.016667
0.306749 0.016667
0.308672 0.016667
0.310559 0.016667
0.312446 0.016667
0.314332 0.016667
0.316219 0.016667
0.318106 0.016667
0.319993 0.016667
0.321880 0.016667
0.323803 0.016667
0.325689 0.016667
0.327576 0.016667
0.329463 0.016667
0.331350 0.016667
0.333273 0.016667
0.335160 0.016667
0.337046 0.016667
0.338933 0.016667
0.340820 0.016667
0.342707 0.016667
0.344594 0.016667
0.344594 0.033333
0.346480 0.033333
0.348367 0.033333
0.350254 0.033333
0.352141 0.033333
0.354028 0.033333
0.355914 0.033333
0.357801 0.033333
0.359688 0.033333
0.361575 0.033333
0.363462 0.033333
0.365385 0.033333
0.367308 0.033333
0.369194 0.033333
0.371118 0.033333
0.373004 0.033333
0.374891 0.033333
0.376814 0.033333
0.378701 0.033333
0.380588 0.033333
0.382475 0.033333
0.384361 0.033333
0.386248 0.033333
0.388135 0.033333
0.390058 0.033333
0.391945 0.033333
0.393832 0.033333
0.395718 0.033333
0.397605 0.033333
0.399492 0.033333
0.401379 0.033333
0.403266 0.033333
0.405152 0.033333
0.407075 0.033333
0.408962 0.033333
0.410849 0.033333
0.412772 0.033333
0.414695 0.033333
0.416582 0.033333
0.418469 0.033333
0.420356 0.033333
0.422279 0.033333
0.424165 0.033333
0.426052 0.033333
0.427939 0.033333
0.429862 0.033333
0.431749 0.033333
0.433636 0.033333
0.435522 0.033333
0.437409 0.033333
0.439332 0.033333
0.441219 0.033333
0.443106 0.033333
0.444993 0.033333
0.446880 0.033333
0.448766 0.033333
0.450653 0.033333
0.452540 0.033333
0.454427 0.033333
0.456313 0.033333
0.458200 0.033333
0.460123 0.033333
0.462010 0.033333
0.463897 0.033333
0.465820 0.033333
0.467743 0.033333
0.469630 0.033333
0.471553 0.033333
0.473440 0.033333
0.475327 0.033333
0.477213 0.033333
0.479100 0.033333
0.480987 0.033333
0.482874 0.033333
0.484761 0.033333
0.486647 0.033333
0.488534 0.033333
0.490421 0.033333
0.492308 0.033333
0.494194 0.033333
0.496081 0.033333
0.498004 0.033333
0.499891 0.033333
0.501778 0.033333
0.503665 0.033333
0.505552 0.033333
0.507475 0.033333
0.509361 0.033333
0.511248 0.033333
0.513135 0.033333
0.515022 0.033333
0.516945 0.033333
0.518832 0.033333
0.520718 0.033333
0.522642 0.033333
0.524528 0.033333
0.526415 0.033333
0.528302 0.033333
0.530189 0.033333
0.532075 0.033333
0.533962 0.033333
0.535849 0.033333
0.537772 0.033333
0.539659 0.033333
0.541546 0.033333
0.543433 0.033333
0.545319 0.033333
0.547206 0.033333
0.549093 0.033333
0.550980 0.033333
0.552866 0.033333
0.554790 0.033333
0.556713 0.033333
0.558636 0.033333
0.560522 0.033333
0.562409 0.033333
0.564332 0.033333
0.566255 0.033333
0.568142 0.033333
0.570029 0.033333
0.571916 0.033333
0.573803 0.033333
0.575689 0.033333
0.577612 0.033333
0.579499 0.033333
0.581422 0.033333
0.583309 0.033333
0.585196 0.033333
0.587083 0.033333
0.588970 0.033333
0.590856 0.033333
0.592743 0.033333
0.594630 0.033333
0.596553 0.033333
0.598440 0.033333
0.600327 0.033333
0.602213 0.033333
0.604136 0.033333
0.606060 0.033333
0.607946 0.033333
0.609833 0.033333
0.611720 0.033333
0.613607 0.033333
0.615493 0.033333
0.617380 0.033333
0.619267 0.033333
0.621154 0.033333
0.623077 0.033333
0.624964 0.033333
0.626851 0.033333
0.628737 0.033333
0.630624 0.033333
0.632547 0.033333
0.634434 0.033333
0.636357 0.033333
0.638244 0.033333
0.640131 0.033333
0.642017 0.033333
0.643904 0.033333
0.645791 0.033333
0.645791 0.050000
0.647678 0.050000
0.649565 0.050000
0.651451 0.050000
0.653338 0.050000
0.655225 0.050000
0.657112 0.050000
0.658999 0.050000
0.660922 0.050000
0.662808 0.050000
0.664695 0.050000
0.666582 0.050000
0.668469 0.050000
0.670356 0.050000
0.672279 0.050000
0.674165 0.050000
0.676052 0.050000
0.677939 0.050000
0.679826 0.050000
0.681713 0.050000
0.683599 0.050000
0.685522 0.050000
0.687409 0.050000
0.689296 0.050000
0.691183 0.050000
0.693070 0.050000
0.694993 0.050000
0.696880 0.050000
0.698766 0.050000
0.700653 0.050000
0.702540 0.050000
0.704463 0.050000
0.706386 0.050000
0.708273 0.050000
0.710160 0.050000
0.712046 0.050000
0.713933 0.050000
0.715820 0.050000
0.717707 0.050000
0.719594 0.050000
0.721480 0.050000
0.723367 0.050000
0.725254 0.050000
0.727141 0.050000
0.729028 0.050000
0.730951 0.050000
0.732874 0.050000
0.734761 0.050000
0.736647 0.050000
0.738534 0.050000
0.740421 0.050000
0.742308 0.050000
0.744231 0.050000
0.746118 0.050000
0.748004 0.050000
0.749927 0.050000
0.751851 0.050000
0.753737 0.050000
0.755624 0.050000
0.757511 0.050000
0.759398 0.050000
0.761321 0.050000
0.763208 0.050000
0.765131 0.050000
0.767017 0.050000
0.768904 0.050000
0.770791 0.050000
0.772678 0.050000
0.774565 0.050000
0.776488 0.050000
0.778374 0.050000
0.780298 0.050000
0.782184 0.050000
0.784107 0.050000
0.785994 0.050000
0.787881 0.050000
0.789804 0.050000
0.791727 0.050000
0.793614 0.050000
0.795537 0.050000
0.797424 0.050000
0.799311 0.050000
0.801197 0.050000
0.803084 0.050000
0.805007 0.050000
0.806894 0.050000
0.808781 0.050000
0.810668 0.050000
0.812554 0.050000
0.814441 0.050000
0.816328 0.050000
0.818215 0.050000
0.820102 0.050000
0.821988 0.050000
0.821988 0.066667
0.823875 0.066667
0.825762 0.066667
0.827685 0.066667
0.829572 0.066667
0.831459 0.066667
0.833345 0.066667
0.835232 0.066667
0.837119 0.066667
0.839006 0.066667
0.840893 0.066667
0.842779 0.066667
0.844702 0.066667
0.846589 0.066667
0.848476 0.066667
0.850399 0.066667
0.852286 0.066667
0.854209 0.066667
0.856096 0.066667
0.856096 0.083333
0.857983 0.083333
0.859869 0.083333
0.861756 0.083333
0.863679 0.083333
0.865602 0.083333
0.867489 0.083333
0.869376 0.083333
0.871263 0.083333
0.873149 0.083333
0.875073 0.083333
0.876959 0.083333
0.878846 0.083333
0.880733 0.083333
0.882656 0.083333
0.884543 0.083333
0.886430 0.083333
0.888316 0.083333
0.890203 0.083333
0.892090 0.083333
0.893977 0.083333
0.895900 0.083333
0.897787 0.083333
0.899673 0.083333
0.901597 0.083333
0.903483 0.083333
0.905370 0.083333
0.907257 0.083333
0.909144 0.083333
0.911030 0.083333
0.912917 0.083333
0.914840 0.083333
0.916727 0.083333
0.918614 0.083333
0.920501 0.083333
0.922388 0.083333
0.924274 0.083333
0.924274 0.100000
0.924274 0.116667
0.926197 0.116667
0.928084 0.116667
0.929971 0.116667
0.931858 0.116667
0.933781 0.116667
0.935668 0.116667
0.935668 0.133333
0.937554 0.133333
0.939441 0.133333
0.941364 0.133333
0.943251 0.133333
0.945174 0.133333
0.947061 0.133333
0.948984 0.133333
0.950871 0.133333
0.952758 0.133333
0.954644 0.133333
0.954644 0.150000
0.956531 0.150000
0.958418 0.150000
0.958418 0.166667
0.960305 0.166667
0.962192 0.166667
0.964078 0.166667
0.965965 0.166667
0.965965 0.183333
0.967852 0.183333
0.969739 0.183333
0.969739 0.197619
0.969739 0.214286
0.971626 0.214286
0.971626 0.230952
0.971626 0.247619
0.973549 0.247619
0.975435 0.247619
0.977322 0.247619
0.977322 0.264286
0.977322 0.280952
0.979209 0.280952
0.981096 0.280952
0.981096 0.297619
0.981096 0.314286
0.982983 0.314286
0.984906 0.314286
0.984906 0.328571
0.984906 0.345238
0.984906 0.361905
0.984906 0.376190
0.984906 0.392857
0.984906 0.409524
0.984906 0.426190
0.986792 0.426190
0.986792 0.442857
0.986792 0.459524
0.988679 0.459524
0.988679 0.476190
0.988679 0.492857
0.988679 0.509524
0.988679 0.526190
0.988679 0.542857
0.988679 0.559524
0.988679 0.573810
0.990566 0.573810
0.990566 0.588095
0.990566 0.604762
0.990566 0.621429
0.990566 0.635714
0.992453 0.635714
0.992453 0.652381
0.992453 0.669048
0.992453 0.685714
0.992453 0.700000
0.992453 0.716667
0.992453 0.733333
0.994340 0.733333
0.994340 0.750000
0.994340 0.766667
0.994340 0.783333
0.994340 0.800000
0.994340 0.814286
0.994340 0.830952
0.994340 0.847619
0.994340 0.861905
0.994340 0.878571
0.994340 0.892857
0.994340 0.909524
0.996226 0.909524
0.996226 0.923810
0.998113 0.923810
0.998113 0.940476
0.998113 0.954762
0.998113 0.971429
0.998113 0.985714
0.998113 1.000000
1.000000 1.000000